STUDY_ID	SAMPLE_ID	ASH1L	ASH2L	CAMKMT	DOT1L	EEF2KMT	ETFBKMT	EZH1	EZH2	EHMT2	EHMT1	N6AMT1	METTL21A	EEF1AKMT3	METTL21C	METTL22	EEF1AKMT2	CSKMT	EEF1AKNMT	VCPKMT	KMT2A	KMT2D	KMT2C	KMT2B	KMT2E	NSD1	NSD2	NSD3	PRDM1	PRDM2	MECOM	PRDM4	PRDM5	PRDM6	PRDM7	PRDM8	PRDM9	PRDM10	PRDM11	PRDM12	PRDM13	PRDM14	PRDM15	PRDM16	SETD1A	SETD1B	SETD2	SETD3	SETD4	SETD5	SETD6	SETD7	KMT5A	SETD9	SETDB1	SETDB2	SETMAR	SMYD1	SMYD2	SMYD3	SMYD4	SMYD5	SUV39H1	SUV39H2	KMT5B	KMT5C
brca_tcga_pub2015	TCGA-A7-A0DA-01	3590.492	925.3681	210.5087	824.6319	340.5556	25.1004	597.3896	428.3802	1461.5127	987.9518	163.6546	142.5703	268.0723	0	191.7671	250.7965	91.7403	1665.6627	134.5382	2574.2972	1846.3655	3277.4431	1806.5596	2658.5074	2099.7323	2673.6948	1130.8568	293.5074	1247.992	96.7202	1003.6814	15.7296	35.8099	0	16.3989	0	189.4244	13.0522	6.0241	6.3588	0	318.9424	43.842	757.3628	1018.0723	1528.4471	1126.1714	407.2959	3376.1714	424.9029	1257.3628	798.1928	48.8621	1400.2677	410.9772	512.0482	229.9197	1918.6747	435.4083	424.3641	932.7309	550.8701	420.6827	2306.5596	168.34
brca_tcga_pub2015	TCGA-D8-A13Z-01	2766.6991	3998.6505	225.1012	807.0148	410.9852	46.9636	449.6626	930.3644	2073.4143	1678.5425	196.2213	142.2402	232.1188	0	152.4966	482.1296	76.2564	2009.4467	246.9636	1931.444	1992.9474	3181.6464	1154.6559	2095.5466	3979.7571	1450.7422	1882.861	400	1526.8556	171.39	980.2969	32.9285	25.9109	0	20.2429	0.2699	243.9946	13.7652	4.8583	0	0	272.3347	70.7152	856.6802	734.9528	2101.2146	971.6599	268.0162	3068.8259	232.888	1604.3185	807.8273	36.1673	1160.8637	278.0027	354.9258	2.6991	1021.5924	550.8772	289.3387	781.6464	384.3455	673.4143	777.8677	121.7274
brca_tcga_pub2015	TCGA-D8-A147-01	3638.5299	1472.5268	61.0478	426.3284	278.9684	56.0164	656.0962	1276.9726	2291.3054	958.6518	362.9326	275.0506	216.0153	0	123.7728	472.0505	35.5754	1435.9652	148.5944	4108.6517	2712.012	3183.2072	1847.5348	1860.11	3664.8811	2376.504	2568.7039	298.1951	2349.3343	44.2764	991.8592	45.2827	12.4108	2.0126	16.1005	0	186.1623	60.377	1.0063	3.6897	0	476.6425	5.3668	1075.0452	978.4421	2304.7225	834.5437	524.2732	3201.3202	291.8655	2665.9779	800.6655	52.3267	2092.3969	164.0241	170.7326	3.0188	750.3514	473.9591	306.2453	363.6034	366.6223	422.9741	748.3388	112.7036
brca_tcga_pub2015	TCGA-D8-A143-01	2451.4817	780.7941	147.1555	1147.3588	825.2245	40.4772	374.5088	1337.6396	2459.6528	1420.4854	245.5113	177.7971	169.0964	0	205.0341	155.2055	21.1957	1795.3725	80.9544	904.4955	887.3173	1488.1997	971.4532	814.0838	2547.7948	3986.8165	1042.1937	328.7355	1141.6844	210.7085	382.4529	27.9936	21.1843	0.3783	9.8356	0	233.7843	12.1053	3.4046	0.3783	0	256.1035	195.9551	1236.2574	542.4703	2031.4266	1318.725	132.4021	2684.7364	333.642	2737.6972	692.2739	90.79	1528.2986	163.8003	741.0735	1.1349	1316.4552	330.627	418.3907	1263.8727	478.1607	591.27	1056.1905	252.3206
brca_tcga_pub2015	TCGA-A2-A1G6-01	2524.0093	1172.7819	108.072	427.6184	414.4196	89.3929	1276.1841	109.4063	1201.4676	1268.8459	379.2528	195.7972	468.9793	0	147.7652	383.3722	80.537	828.2188	245.497	2514.3429	1466.6845	2705.1368	764.8432	2256.8446	2023.0153	934.2895	1320.2135	337.5584	1619.0794	245.497	903.936	62.3749	19.3462	0.3336	54.3696	0	335.2235	13.3422	1.0007	0	0	187.1247	22.6818	821.8813	869.2462	2391.928	1727.485	393.9293	2296.531	286.4376	2591.0607	821.2141	147.7652	922.2815	653.1021	801.8679	355.2368	704.4696	238.8259	433.6224	810.5404	180.7872	163.4423	1771.1808	117.4116
brca_tcga_pub2015	TCGA-C8-A26Y-01	3160.0918	1456.9374	151.1397	679.2106	603.4297	50.1759	604.8646	1184.0294	1158.6355	1826.22	392.5348	475.7534	303.8091	0.6119	182.6526	196.3531	11.9535	1287.7467	107.6947	1459.385	2044.7912	1999.3881	1012.391	2180.0337	2046.8105	4238.6416	1579.0118	205.2929	1326.2965	128.4993	595.0742	45.5867	49.2581	2.7536	17.7451	0.306	297.0782	6.425	0.9179	0.306	0	219.3667	518.8925	1235.4291	823.9253	2093.6209	1994.4929	364.9992	2644.9442	192.4675	3015.4505	694.5082	147.1623	977.2067	292.183	713.4771	0.9179	1019.4279	214.4715	262.1998	1164.1426	560.5018	265.5652	820.2539	176.8395
brca_tcga_pub2015	TCGA-C8-A26X-01	1384.4465	811.6674	81.7639	738.622	619.2559	75.7924	311.8971	1720.2572	1129.9954	954.5246	128.158	368.8562	733.5783	0	140.5604	233.808	34.9426	1038.1259	96.9224	1078.5485	1445.5811	1475.4249	1079.4672	886.6835	1371.6123	1029.3983	1222.3243	988.057	863.1144	294.4419	596.2333	21.13	30.7763	0	28.0202	0	200.735	5.9715	0.4593	0	0	178.6863	38.1259	744.6027	917.7768	1666.5136	1887.4598	213.1373	2313.2751	235.2963	3234.2673	1062.9306	109.3248	886.5411	255.8567	604.5016	1.8374	401.4699	1609.0951	167.6619	836.4722	384.474	309.141	779.9724	138.2637
brca_tcga_pub2015	TCGA-A7-A26G-01	4527.6057	825.7658	128.4099	226.1547	214.0639	46.8189	476.6771	218.4884	1557.0722	927.8913	162.3604	369.8971	789.6248	2.4642	120.4698	514.2062	109.3483	813.1712	117.1843	6139.5793	1958.0176	2732.748	897.5	2632.8046	2061.6764	875.5964	1192.9249	832.063	1762.4185	2093.4367	1165.5454	88.162	84.6027	0	74.746	0	561.5536	52.2948	0.8214	0.5476	0	247.2369	8.4876	593.5876	875.0489	3091.4195	1171.0213	255.177	3818.3452	216.0078	3956.0641	1028.3741	113.0773	1550.2274	452.0356	362.5046	1.9166	894.2145	188.9186	190.8351	536.0906	170.5743	466.8205	2775.46	63.5204
brca_tcga_pub2015	TCGA-C8-A27B-01	2672.3858	1698.5121	119.551	493.6022	414.307	24.7977	413.208	1461.4983	2549.7259	843.905	150.3524	438.2668	259.2013	0	56.9042	363.3333	55.1475	1477.421	259.7233	946.2281	1167.5411	2669.799	1622.8139	2374.1321	2156.356	2889.846	1546.3326	429.3918	1102.0621	127.9039	933.6988	17.7499	3.9154	1.5662	9.397	0	266.249	21.4043	1.3051	0	0	209.8669	2.0882	594.3618	1060.2976	2188.2015	1025.0587	193.9441	2314.2783	290.0861	1462.5424	1134.1686	34.7168	1580.7883	525.7113	368.5722	20.8823	1574.2626	223.1793	307.7525	390.4986	263.6387	877.0556	1190.8118	67.8674
brca_tcga_pub2015	TCGA-AN-A0XU-01	3926.9538	862.8532	176.0855	597.1709	372.1399	25.8442	262.5775	1412.8187	1835.6306	822.5362	146.1061	451.0682	470.0207	0.3446	198.1392	251.0992	39.3453	1289.111	301.5162	3332.5293	3787.6947	252.2398	1639.9035	1271.9435	2630.5996	2213.6458	933.1496	238.1116	1125.7753	57.5465	978.6354	56.5127	4.1351	1.0338	6.5472	0.6892	306.685	14.8174	3.1013	1.3784	0	266.0234	11.7161	1052.3777	741.213	1652.9979	1103.377	301.8608	4722.9497	341.3129	2475.8787	782.2192	62.7154	1534.459	228.1185	980.703	2.4121	970.0207	342.5224	310.8201	665.4032	405.2378	736.0441	921.0889	138.8697
brca_tcga_pub2015	TCGA-BH-A0WA-01	3681.1301	1919.4111	135.1216	409.7914	300.3771	180.2762	341.3959	830.5703	2678.1446	1111.418	213.4579	223.3783	325.6602	0	307.872	320.6624	83.5633	1225.3307	95.4403	1949.172	1942.8572	3007.5677	1003.3207	1542.237	2603.9132	3013.383	2058.6376	309.2404	1257.4862	96.4666	832.2807	35.2342	15.7357	1.3683	18.4723	0	277.4269	38.313	1.7104	4.7891	0	286.321	11.9728	1331.0334	907.5383	2408.2434	1421.6846	278.4531	3054.4326	274.2216	1607.7762	1597.1717	155.6464	1146.3102	205.5901	160.4355	4.7891	1132.9691	156.3306	263.4016	479.5962	179.9341	436.4941	1868.4411	78.3363
brca_tcga_pub2015	TCGA-BH-A0RX-01	1086.0925	838.1316	127.1055	375.5824	368.5772	30.5818	422.4107	488.8305	1409.6285	1074.6625	146.2191	186.8355	292.916	0	170.1111	219.7874	82.7332	1245.7293	69.2868	1145.8607	1332.6962	926.5321	1077.0517	1070.5531	1287.3014	761.1994	601.6008	745.4307	583.4428	393.7403	704.3364	22.9363	16.7244	0	25.8034	0	179.1901	6.2119	5.7341	0	0	218.8508	30.5818	569.1076	672.7989	1042.1694	994.8632	129.0168	1291.1241	574.5693	1035.4796	766.4556	79.7993	1483.6937	203.0821	321.1086	22.4585	1602.1981	382.2721	229.3633	722.4943	436.7459	638.3945	841.9544	172.9781
brca_tcga_pub2015	TCGA-AR-A0TS-01	3701.5259	1190.2423	81.205	897.5049	516.3883	56.9745	833.9882	542.5671	3368.3694	1204.9771	210.5435	127.0465	222.0039	0.3274	154.8788	185.5894	28.8638	2421.0871	198.4283	4818.2711	3114.7741	3183.6935	1566.4702	2479.1421	5239.3582	3387.3608	1903.7328	351.6699	3425.0164	160.7728	819.9083	27.1775	7.5311	0.9823	52.7177	0	261.9515	39.9476	2.6195	28.8147	0	353.3071	16.372	1141.7813	1401.7682	2756.7125	1546.169	202.685	3236.4113	260.7728	1928.6182	805.501	87.7538	1565.1604	411.5914	357.8913	6.5488	1176.1624	191.5521	291.0936	589.0635	325.4748	506.8762	931.2377	192.8618
brca_tcga_pub2015	TCGA-AO-A128-01	3415.0475	1243.6906	66.4858	944.6377	321.962	35.2782	686.2958	800	1930.5292	1664.5862	120.4885	168.521	245.5902	0	102.578	312.0896	66.8928	1668.3853	96.8792	2226.8657	2420.6024	5463.5007	1463.2293	2920.0706	2513.1615	2203.7992	2079.5115	1090.6377	1728.9009	108.2768	705.0204	26.8657	13.5685	1.3569	36.9064	0.2714	304.2062	6.7843	1.3569	0	0.2714	264.8575	10.3121	759.2944	1146.54	3332.7001	1256.7164	268.6567	3019.2673	194.0733	970.1493	825.5088	108.2768	1587.517	515.0611	345.4545	0	511.2619	341.384	277.3406	481.4111	475.441	377.2049	719.9457	143.0122
brca_tcga_pub2015	TCGA-GI-A2C9-01	2419.3755	773.084	141.259	515.9459	494.2595	74.4699	556.3533	664.5517	1663.0489	913.6751	165.3031	351.6447	460.8449	0	135.248	272.0087	44.7721	1127.4002	147.9379	1968.9431	1145.1461	1766.572	1087.9947	1793.1307	1542.8285	1394.2227	914.343	169.9783	1200.2004	181.3324	620.1369	18.701	23.3762	1.3358	18.367	0	232.0922	35.7322	0.3339	40.0735	0	199.0316	11.3541	609.4507	606.1112	1516.4468	1584.9057	226.749	2437.1347	335.3114	2080.1469	600.1002	96.5103	851.5612	384.3713	509.6009	4.6752	1215.8958	316.2465	185.6737	818.5006	197.0279	325.9309	1361.1621	95.5084
brca_tcga_pub2015	TCGA-A2-A0SX-01	2958.1471	1168.9146	94.4123	952.1484	200.8767	30.1863	697.8163	981.3744	1839.1137	1337.508	111.1111	282.2736	304.4316	4.817	82.5305	383.1824	43.3847	1746.9493	143.8664	2215.1574	2973.0347	3813.7444	4845.2152	2457.7457	2519.9101	4633.9114	1611.1111	930.957	2249.8394	190.4303	968.5292	57.4823	35.3243	0.3211	54.271	0.6423	272.3186	32.113	0.6423	35.3243	0	345.2152	8.9917	847.7842	1189.7881	1781.3102	1090.5588	391.4579	2452.7938	351.0886	2328.5164	888.5678	90.5588	1567.7585	335.9024	267.8227	5.4592	1649.0045	296.7245	236.352	789.3385	233.7829	328.5164	1588.3109	186.5768
brca_tcga_pub2015	TCGA-A2-A0T0-01	2014.8031	1598.9201	263.7563	953.782	776.1577	33.4201	347.9617	863.3513	2717.1812	798.8047	269.6539	223.128	199.5374	0	157.2708	114.7192	61.9582	1370.8774	106.8131	1515.6976	1570.3164	1695.9038	1263.409	1701.405	2338.7483	2459.3226	1138.5753	479.676	722.1352	58.9766	504.9049	24.5736	18.3483	0	19.9865	0	194.6226	24.9012	4.5871	1.9659	0	203.4691	3.2765	782.4224	597.3015	1805.9933	1601.5413	347.6341	2437.0425	543.3773	1835.4816	510.8025	137.2843	1395.1233	147.4414	644.1551	39.973	2396.4142	505.2325	159.892	920.6896	431.1842	1078.2881	1157.2512	234.268
brca_tcga_pub2015	TCGA-A2-A0T2-01	1575.9519	1119.4828	224.2532	321.4445	719.1797	40.1248	337.9403	338.8319	2202.8533	879.6255	292.4654	203.745	283.103	1.3375	100.3121	377.6683	86.1971	1118.5912	81.1413	803.8342	1220.4146	2520.2853	1433.3482	1662.4744	1445.3856	1012.4833	951.8502	330.3611	1032.5457	137.3161	562.6393	12.9291	20.0624	0	5.7958	0	124.8328	19.1708	5.7958	6.2416	0	225.5907	4.0125	1229.6032	814.5341	1276.4155	1154.2577	335.2653	1677.218	357.6728	849.309	777.9759	192.1534	2217.5658	158.716	346.4111	3.1208	593.4017	190.37	155.5952	1144.4494	498.4396	553.2769	849.7548	338.3861
brca_tcga_pub2015	TCGA-BH-A18V-01	5371.6994	597.2326	60.9827	624.0782	401.1235	22.2057	408.9817	480.5701	1979.2858	1284.9449	87.1655	407.656	196.2052	0	162.731	257.3469	23.2264	1822.1891	79.5426	1705.1951	2010.3737	2129.0911	1565.9955	1640.0232	3263.8992	3332.5048	1138.4539	636.0096	987.6543	110.6968	580.6612	23.5314	9.6114	0.3314	18.5599	0	224.0451	28.1713	6.6286	5.3028	0	187.588	7.6228	1303.5048	729.4722	3950.2859	2075.3998	240.285	3351.3961	307.0147	2277.9021	660.2038	78.2169	1628.6353	329.4391	245.2564	4.64	1409.8931	130.2511	254.8678	1426.7959	470.6272	448.753	1203.0823	78.5483
brca_tcga_pub2015	TCGA-BH-A18G-01	1668.75	1252.5	85	338.75	372.1	24.375	241.875	582.5	1501.875	826.25	264.375	188.125	707.5	0	76.25	217.8562	348.8188	823.75	138.75	1048.75	948.525	924.375	727.5	1119.7375	1075.625	1101.875	790	309.375	670	30	700	29.375	35	0	16.875	0	230	9.375	8.75	18.75	0	187.5	25	670	675	788.75	1472.5	221.25	1919.375	532.7	1982.5	951.25	63.75	1899.375	295.625	416.875	6.875	2018.75	605	216.25	593.125	249.375	170.625	821.25	201.875
brca_tcga_pub2015	TCGA-AR-A1AY-01	5371.7388	1662.1659	154.6799	1174.2335	391.0278	25.7187	391.6598	1507.486	2830.1644	1028.3825	192.1558	92.9549	400.845	0.7348	123.0826	210.1295	69.1026	3214.476	63.9295	4110.958	4909.6206	3724.8094	2617.0662	2405.3128	4030.1277	2680.9957	1993.5703	231.4687	1198.1262	207.9544	1216.8641	10.2875	6.246	0.3674	12.8594	0	372.5544	19.4728	0.7348	22.7795	0	339.4875	9.1853	1152.9347	1565.5369	3722.2375	814.1821	308.2576	4352.3468	314.9077	1251.4008	1778.6351	23.5143	2108.2024	243.9607	503.72	4.0415	2024.4328	128.9611	212.7308	795.0767	552.5857	965.1878	1511.8949	131.9004
brca_tcga_pub2015	TCGA-AR-A1AR-01	4263.4256	4941.6708	154.7207	758.0302	269.785	32.1305	438.4577	812.4073	1150.2719	1228.6209	548.9372	432.0316	163.1241	0.2472	74.6416	236.9921	68.5418	1206.871	237.5185	3963.1735	1727.7163	2853.6826	1186.8512	3115.6772	2606.7721	1879.387	7580.0791	732.5754	1603.5591	276.8166	992.8324	25.7044	16.8067	0	34.6021	0	447.1083	8.4034	1.2358	0.7415	0	385.3188	21.5027	698.2205	783.4899	2566.4854	1498.2699	420.4152	4172.5161	229.4315	3917.4493	759.5156	127.2862	1525.9516	346.0208	503.213	0.2472	1168.8087	183.391	185.8626	631.4879	321.5522	931.043	1736.7771	62.7781
brca_tcga_pub2015	TCGA-LL-A441-01	2345.6286	1214.2014	65.4963	1196.2529	323.0103	39.9906	1206.0143	879.4773	3222.8607	1180.1937	371.8807	291.2698	452.4915	0	188.9317	303.2858	81.9932	1395.261	165.0004	2596.552	3749.9362	3393.2142	2665.827	2681.0423	2270.6447	2063.1347	1263.9534	297.2526	1315.9096	159.0176	972.3687	54.7902	11.021	0.6298	142.6435	0	293.7889	18.5783	0	12.5954	0	375.0295	40.9352	1214.5163	1774.6989	2043.6117	950.0118	690.2307	2709.5962	405.8411	1128.2374	1144.6115	37.1566	1592.6946	456.8999	351.0982	31.1737	1200.0315	257.577	281.8232	541.9192	330.6306	352.9875	2071.3217	184.2085
brca_tcga_pub2015	TCGA-E2-A14R-01	909.7787	1423.3635	100.4242	630.0585	375.9074	39.8945	323.2833	1344.9501	1692.0784	615.8432	530.5514	193.97	345.7526	0	87.5845	374.2749	32.1357	730.9412	112.3467	1050.556	749.4761	1237.6476	1475.1806	1525.2963	641.5224	1158.3171	903.3589	317.322	515.8776	65.5738	440.2155	0.9171	7.7955	0.9171	11.0054	0	202.6826	8.254	0.9171	1.3757	0	269.1734	1.3757	985.8993	473.6902	1512.3237	1321.5637	371.8904	4030.2648	755.8501	630.0585	826.3212	22.4693	1835.1485	479.1929	1075.7767	5.5027	525.5073	499.828	193.5114	1280.2935	428.7516	304.4824	746.5322	222.4006
brca_tcga_pub2015	TCGA-E2-A158-01	3646.9369	1143.3468	290.9776	388.6556	156.1374	31.1884	491.1319	1107.3601	2400.1371	1333.9045	227.2299	89.1098	290.9776	0.3427	94.9362	196.9874	113.2722	1287.9788	222.7744	1405.5351	2972.1121	3448.5477	1587.8674	2535.9644	1259.5322	2340.5021	1532.3451	93.5652	1029.2177	61.0059	1153.2859	29.8175	2.3991	0	4.1128	0.6855	181.3041	6.8546	12.681	32.5593	0	439.7224	2.7418	1646.4742	1073.7726	1547.4252	1983.0349	404.7639	4056.2077	916.3362	1359.2666	1903.1788	61.0059	1529.2606	257.3901	578.8707	164.5103	474.6808	817.7534	177.5341	1348.2992	209.7507	593.2654	2107.4458	203.2388
brca_tcga_pub2015	TCGA-BH-A1EW-01	6053.0194	856.2185	35.2265	512.9403	421.5205	92.3796	751.2581	420.2013	940.3307	1314.8814	287.9224	164.2703	156.7218	0	129.7628	267.1711	33.44	1401.1503	133.3573	2042.0561	4549.0798	4379.9425	1436.3767	2297.8541	3197.34	2234.0043	1592.0201	251.6175	1803.0194	531.2725	931.3444	61.4666	13.6592	0.3595	27.3185	0	253.7743	21.2078	1.0784	0.3595	0	232.5665	20.1294	916.9662	722.1423	2290.798	1116.1035	185.1186	6176.4917	253.6952	4414.8095	577.2825	130.8411	1330.3379	196.9806	788.2818	5.0324	326.3839	281.4522	260.9633	785.4062	304.4572	323.5083	1283.6089	166.427
brca_tcga_pub2015	TCGA-BH-A1F6-01	1569.9811	873.6445	247.0533	1244.6959	637.6945	30.1744	395.5681	752.0038	1470.0613	1021.2164	138.6139	165.488	165.488	0	128.2414	261.372	52.8477	812.3527	88.6374	1246.5818	1253.3569	2474.3046	1235.2664	818.0481	2885.4314	1548.7977	968.8826	545.4974	1027.8171	96.6525	576.1433	7.0721	16.0302	0.4715	22.1594	0.4715	210.7496	27.8171	7.0721	153.2296	0	205.0919	7.0721	951.438	550.6836	1742.5743	1214.5215	247.5248	1917.9632	384.644	1570.4856	840.6412	116.926	1010.3725	313.5314	195.6624	2.8289	1105.6106	247.0533	152.2867	1322.4894	487.5059	636.9637	968.4111	156.5299
brca_tcga_pub2015	TCGA-E2-A14N-01	1734.1951	1611.7918	319.41	483.3589	596.5685	27.6971	260.442	2177.7952	1340.6284	756.7559	261.3354	292.6063	295.7334	0	110.3416	661.6611	67.2324	1303.55	306.4549	1743.1296	1133.1325	1324.9929	1126.6461	1116.8181	2731.737	1627.874	1101.6293	316.7296	639.7134	317.6231	835.3799	6.7009	4.914	0.4467	19.2093	0.4467	283.6718	7.5944	5.3607	0.8935	0	239.8925	3.5738	537.4128	700.4683	1502.7904	641.947	212.1954	3790.4805	375.3134	933.2132	1223.1391	85.7716	1412.1047	221.13	962.2504	14.742	1526.9136	489.1663	170.6498	786.2399	445.387	1171.3188	1104.3097	124.6369
brca_tcga_pub2015	TCGA-E2-A150-01	2963.8567	969.6479	155.8074	404.2898	371.1979	28.7333	560.5018	465.8033	2494.1319	858.3569	141.2384	277.6204	256.981	0	119.3849	220.4492	55.5645	900.8499	101.5783	1870.4978	1976.9729	2710.2388	4388.5067	2012.9502	1819.1016	1641.4407	899.6358	376.7705	1747.4707	649.5346	847.4302	14.569	11.7361	1.6188	14.569	0.4047	191.8252	27.5192	1.2141	0.4047	0	303.9255	1.6188	717.1186	868.4743	1719.9514	1745.8519	205.5848	2046.9446	231.6673	1959.9352	869.2837	71.2262	1024.6864	273.1688	231.4852	2.8329	1524.0793	367.0579	243.2214	952.6507	288.1425	399.0287	2221.3679	87.0093
brca_tcga_pub2015	TCGA-C8-A1HJ-01	3562.6401	1319.6779	371.4986	341.0364	816.4286	25.2101	265.4062	913.8655	2792.3669	493.3473	316.1765	406.5126	239.8459	0.3501	242.9972	515.8824	41.0014	1873.9496	112.395	1631.6527	1145.7808	1284.3137	917.7171	1754.1387	1603.6415	3022.0588	1584.3838	560.9244	601.5406	217.0868	823.1793	22.7591	7.7031	1.0504	17.1569	0	216.3866	14.0056	6.6527	56.7227	0.3501	303.9216	30.8123	913.5154	848.0392	1450.9804	2662.8151	520.3081	2398.1092	743.8025	1175.7703	1889.7059	4.5518	1655.4622	340.3361	576.6807	14.7059	1464.2857	452.0308	253.8515	1549.3697	489.4958	1176.4706	958.6835	99.0896
brca_tcga_pub2015	TCGA-AQ-A04J-01	3127.1311	1406.855	163.1228	329.7366	633.4624	55.8553	590.9235	482.0692	2024.4367	936.8454	293.875	228.4989	290.384	0	208.1879	196.2456	47.3564	1682.6404	142.1771	2025.7061	1722.193	2080.6093	1299.9048	1756.5884	2272.2945	1880.3554	1582.0374	927.3247	1921.6122	543.3196	577.5944	22.2152	13.0117	0.3174	39.9873	0	264.9952	27.9276	0.9521	0.6347	0	303.3957	51.0949	904.4748	692.4786	2051.7296	924.7858	294.5097	4033.9575	390.0603	1968.264	796.8899	107.5849	1639.4795	453.8242	724.2145	563.6306	903.5227	165.6617	283.4021	613.456	390.6696	580.768	1524.278	198.6671
brca_tcga_pub2015	TCGA-E2-A14X-01	3490.2877	3939.0876	201.9597	1212.0002	249.4764	33.9512	731.9478	957.1241	2797.9779	865.7555	229.6698	131.0616	204.9554	0	134.0573	326.5131	147.448	1314.111	125.3199	2353.367	2731.1115	3706.422	2510.641	2227.5479	2580.2908	1535.0434	3626.0376	605.3798	2887.0998	201.2108	910.1916	13.4806	11.7331	0.7489	35.6987	0	364.7257	13.7303	1.4978	21.4691	0	413.4057	11.7331	839.0439	980.3408	2470.948	1345.3161	511.7643	3061.0997	848.3006	1755.4765	1442.4265	109.3428	1423.9531	347.2508	293.3283	2.7461	1263.9331	647.8188	229.4202	434.6252	367.7214	261.1246	1713.7864	131.8105
brca_tcga_pub2015	TCGA-BH-A1FC-01	2983.0232	1789.4814	81.7948	842.3685	546.5804	46.7819	584.3325	1835.3807	3200.5885	3097.021	191.8352	189.7757	213.3137	0.5885	155.3512	519.8705	34.7657	2354.6892	118.2788	1168.0765	1691.2129	1751.8205	3136.4472	1292.8135	1698.5656	5930.4156	2278.4847	754.1008	1027.1423	57.6683	1432.8797	10.0037	6.473	0	19.7131	0	303.641	11.1806	2.9423	225.377	0	326.5907	3.2365	983.5969	707.3189	3056.1236	1347.26	282.4568	3367.7087	354.4774	3410.0772	1636.1898	174.7701	2994.6304	204.4869	317.4697	0	550.2023	331.004	199.7793	1448.4737	686.7231	696.1383	1652.3722	132.1074
brca_tcga_pub2015	TCGA-EW-A3U0-01	1695.7764	687.2783	111.4505	1129.4462	352.8621	33.1121	1075.7399	624.2845	1778.7667	1150.0403	208.7678	158.6959	161.5225	0	216.4402	233.9371	39.6295	1515.8888	165.1568	1395.9583	1618.6736	1288.9496	1543.3476	1569.7525	1962.4985	1651.5677	773.6928	711.9105	1142.368	201.4993	580.2696	37.9578	9.2875	0	75.9156	0.4038	223.7087	107.4125	1.2114	28.2664	0	329.1021	31.9007	1198.9008	1527.1953	2406.6854	815.6887	300.8357	3416.2011	121.469	1143.9832	1012.3423	48.8606	1534.4639	358.1762	867.3759	10.0952	1015.5728	189.3851	502.335	471.2419	950.9638	327.0831	894.8347	139.3132
brca_tcga_pub2015	TCGA-C8-A3M7-01	2636.0072	1207.021	93.832	712.9232	323.9042	88.2546	981.9554	567.9134	1426.5092	1417.979	273.622	230.9711	276.2467	0	192.9134	435.187	92.2211	950.4593	160.7612	2556.7585	2376.9718	3401.9029	1225.7218	2177.792	1762.1391	1249.0157	1369.0945	383.5302	1550.1969	1573.4908	940.9449	49.5407	47.5722	0	24.2782	0	328.7402	23.9501	4.5932	0	0	227.6903	182.7428	760.4987	995.4068	2179.1339	1591.2073	365.4856	2609.5801	222.4606	2943.2415	1487.2047	132.874	1026.5748	409.7769	654.5276	5.5774	1150.5906	199.4751	279.5276	456.6929	220.4724	195.21	1483.5958	284.1207
brca_tcga_pub2015	TCGA-AC-A2QH-01	1204.9959	725.474	78.3182	1101.4015	449.0684	39.5713	254.7403	251.4427	2648.8046	1406.4303	278.648	261.3355	422.094	2.4732	381.6983	211.9868	143.5532	1057.7082	69.2498	1512.7782	4457.6092	669.4147	1490.5194	1119.1591	3424.5672	3235.7791	651.2778	267.9308	1400.6595	114.5919	982.6876	53.5862	112.9431	0	32.1517	0	192.9101	24.7321	4.122	38.7469	0	377.5763	21.4345	911.789	830.9975	2098.9283	781.5334	512.7782	3696.62	260.3957	2046.9909	1130.2556	103.0503	1282.77	239.0767	324.8145	0	503.7098	654.5754	274.526	627.3702	265.4575	348.7222	519.3735	244.8475
brca_tcga_pub2015	TCGA-AC-A2QJ-01	251.9906	786.2595	35.8191	1352.9066	1220.0763	41.6911	510.8632	329.4187	2514.9736	645.919	197.2989	127.4222	176.1597	0	347.0346	119.677	67.0288	1089.8415	79.8591	404.5802	506.0482	273.6348	865.5314	156.3829	778.0388	648.855	419.8473	352.9066	700.5285	93.9518	479.1544	14.68	46.9759	0	112.7422	0	96.3006	3.5232	0	8.2208	0	238.99	2.3488	976.512	528.4792	657.0757	1057.5455	416.9113	1182.6189	129.5479	590.1351	974.7504	36.4063	901.3506	214.9149	551.9671	0	678.2149	969.4656	175.5725	965.9425	492.0728	116.2654	403.4058	367.5866
brca_tcga_pub2015	TCGA-AN-A0AT-01	1695.2176	919.8616	223.1191	632.7472	745.7884	24.791	437.3018	490.343	3187.0856	810.0317	252.2341	402.4214	200.9225	0	125.6846	137.838	102.6924	852.1188	157.9706	1722.6867	1283.1652	735.0822	2702.5079	776.9127	1826.7512	2812.9144	768.8095	275.5837	567.3105	67.4546	1297.2038	41.2223	2.8827	0.8648	17.0078	0.5765	208.4174	34.3038	0.8648	86.4803	0.2883	323.4361	2.8827	1021.3318	565.2926	3462.6694	1733.6408	444.7968	3605.9383	460.5448	1103.7763	699.0487	87.9216	1190.2566	185.6443	589.5071	13.2603	846.0651	509.0804	254.5402	1164.3125	403.5745	863.9377	1802.5368	177.8611
brca_tcga_pub2015	TCGA-A8-A07O-01	4564.6591	1264.9522	88.5167	709.0311	511.0048	41.567	554.1268	395.0359	1895.634	1020.634	179.4258	180.323	191.3876	0	115.7297	300.7865	40.1077	1588.2177	58.3134	2313.3971	2506.235	2132.177	1100.7775	1085.7386	1423.744	1346.5909	9113.6364	322.6675	857.0574	114.5335	890.2512	16.7464	5.0837	1.4952	16.7464	0	276.9139	13.756	2.0933	64.5933	0	228.7679	2.6914	1016.1483	1533.7919	2177.0335	915.0718	169.2584	2462.6196	408.433	3375.5981	1114.2344	15.2512	3055.9211	164.7727	325.0598	0.299	1214.4139	178.8278	151.3158	841.8062	582.8349	419.5574	1027.512	69.677
brca_tcga_pub2015	TCGA-AN-A0AL-01	1244.2512	1297.504	125.2013	777.7697	356.7834	29.3881	266.5056	642.1095	1115.5395	794.2834	182.7697	627.2142	152.5765	0	72.0612	259.1948	26.9767	2142.5121	55.153	1525.3623	1016.0024	1357.0853	1119.5652	1456.9243	1648.5507	2526.57	1117.9549	950.4831	714.9758	1349.0338	648.9533	27.7778	30.5958	0	16.9082	0	212.5604	16.1031	0.8052	0	0	195.2496	7.649	613.124	1090.9823	1260.467	1602.2544	211.7552	1402.5765	205.1288	1149.3559	1119.1626	81.3205	764.8953	237.1176	332.1256	0	428.744	285.0242	142.9147	762.0773	498.3897	339.372	1708.9372	101.0467
brca_tcga_pub2015	TCGA-GM-A2DB-01	569.7241	1008.2028	157.3453	645.7867	1201.8195	42.5056	217.0022	698.7323	1284.862	1014.9142	175.9881	571.9612	186.428	0	290.082	332.6696	79.3139	545.1156	291.5735	1434.0045	1544.1834	1982.8486	947.8001	1271.6107	2228.9336	1544.3699	762.8635	237.8822	1075.3169	147.651	503.3557	42.5056	35.7942	0	20.1342	0	299.7763	2.9828	8.9485	0	0	213.2737	195.3766	1035.7942	658.4638	1144.6682	3818.0462	349.739	1568.2327	663.1245	2293.8106	1306.4877	213.2737	768.8292	149.8881	596.5697	20.8799	1133.4825	173.0052	129.0082	1140.1939	899.3289	243.8479	1296.0477	284.1163
brca_tcga_pub2015	TCGA-GM-A2DF-01	894.0763	2074.7992	134.5382	588.3484	633.8203	37.6506	616.4659	1161.6466	1711.3454	619.4779	315.261	166.6667	224.3976	0	120.9839	445.6526	160.5673	752.51	128.5141	1331.8273	1701.1396	2163.1526	942.2691	1150.1757	1685.241	1385.5422	2730.9237	1443.7751	1013.0522	159.6386	540.1606	17.0683	19.0763	0.502	31.1245	0.502	121.4859	16.5663	15.0602	55.7229	0	329.8193	13.5542	1119.9799	863.9558	1154.1165	1358.4337	458.8353	3212.3494	632.7962	811.747	1089.8594	28.1124	742.9719	286.1446	512.0482	5.0201	1305.2209	267.5703	162.6506	753.012	396.0843	287.1486	1348.3936	176.2048
brca_tcga_pub2015	TCGA-GM-A2DH-01	3245.5619	1169.7523	101.6949	1156.7119	268.086	101.1734	483.1812	841.4602	2814.6023	1738.7223	134.811	303.781	173.4029	0	103.5202	450.5215	163.6584	1310.5606	128.0313	3715.7757	3809.7679	2489.7001	1323.0769	2682.5997	2757.236	4470.4042	1898.0443	483.1812	1312.3859	112.1252	875.0978	7.8227	12.2555	0	53.455	0	448.2399	28.6832	1.3038	0.5215	0	341.8514	20.339	1008.0834	1202.8683	2579.9218	1284.485	105.0847	3801.5645	410.2634	1895.9583	904.824	150.4563	1336.1147	217.4707	652.412	1.043	749.6741	273.794	340.0261	575.4889	379.9218	482.1382	1873.794	324.3807
brca_tcga_pub2015	TCGA-D8-A1XK-01	2436.9778	1160.5458	88.5208	1126.601	232.9808	15.206	243.2964	1582.2415	1716.1089	1025.5923	236.2365	481.1622	132.7812	0	101.0115	844.2604	41.0101	1306.3607	125.1782	1593.103	1649.5282	1619.7135	1275.1341	1531.8227	5722.6258	3889.2132	1917.3172	277.2385	494.1959	63.2679	722.8294	25.5244	5.9738	0	9.2322	0	264.4763	34.2136	1.6292	104.5414	0.2715	380.6938	4.6161	999.7963	454.2801	1614.2828	1966.7368	395.3567	4576.4714	413.8891	1663.4309	1350.6211	131.152	1341.3889	199.5791	415.9935	5.7023	878.6912	302.4913	260.9463	501.2559	527.8664	1198.5609	2021.8587	230.8058
brca_tcga_pub2015	TCGA-D8-A1XQ-01	1754.4987	1223.0411	124.2218	619.3918	362.8336	72.1288	531.8068	626.5474	1653.5242	1171.5206	121.3596	232.9875	477.7102	0	126.2254	747.4919	58.7134	1386.4758	147.9785	1729.0877	877.5814	2256.6011	820.6082	1619.1742	1219.6064	2257.746	786.8336	775.9571	1081.0733	53.8104	1203.5778	9.7317	12.0215	0.2862	26.9052	0	251.0197	25.1878	0.2862	0.2862	0	229.839	3.1485	845.7961	765.653	2161.0018	2040.5009	230.9839	2442.0751	402.9338	672.6297	925.9392	64.6869	4536.1002	459.9642	120.2147	2.0036	1398.7835	158.2826	360.3578	1087.0841	375.814	388.6941	1734.2397	194.347
brca_tcga_pub2015	TCGA-A2-A0D2-01	1107.6843	1472.1863	102.7536	549.2515	327.8433	15.8936	405.4703	1761.9664	2838.2924	991.314	143.4116	50.6376	286.8231	0	94.6221	672.5042	52.5189	815.0065	130.8446	1905.0083	1216.6106	1827.3887	1616.3371	2070.7743	1744.5943	2699.6858	1170.9481	312.6964	677.1392	194.7884	652.0052	17.7416	9.9797	0.3696	22.5467	2.5873	280.9093	16.2632	0.7392	0.7392	0	155.2393	6.6531	944.3726	653.8533	1430.4195	1121.0497	139.3458	2199.2238	168.4975	1546.4794	1209.7579	103.4929	1191.277	171.5025	196.2669	9.2404	1720.9388	351.8758	242.469	879.6895	869.3402	1013.1214	1334.319	256.1449
brca_tcga_pub2015	TCGA-EW-A1OV-01	1892.1466	545.3586	122.8903	677.7426	474.6994	46.9409	655.5907	555.9072	2453.5865	1611.8143	179.3249	241.0338	212.5527	0	167.1941	356.7563	134.0454	1096.519	144.5148	1844.4093	3042.5527	2521.6245	1331.7511	2862.6371	2864.4515	1974.6835	828.0591	700.4219	1032.7004	240.5063	898.2068	14.2405	13.1857	0	70.1477	0	222.0464	6.8565	2.1097	1.5823	0	247.3629	37.4473	1087.0253	1227.3207	1691.9831	1420.3586	325.9494	2238.3966	259.6414	1646.097	717.827	27.4262	1361.2869	282.7004	477.8481	0	212.5527	1344.9367	220.9916	616.5612	369.1983	360.2321	1104.4304	317.5105
brca_tcga_pub2015	TCGA-D8-A27F-01	4481.1721	1432.2856	73.3742	1827.0359	169.8653	10.8301	426.1659	1483.7287	2582.9876	933.8285	132.9399	185.7368	201.7113	0.5415	73.6449	394.5933	147.4279	2189.5829	79.8723	2572.699	2303.7975	3870.6909	3033.2506	2594.8926	3039.7486	2589.4857	1717.6597	467.5912	1183.4632	116.1532	524.9909	66.0638	20.3065	0	19.765	0	301.0778	74.4572	3.5198	38.9885	0	423.9999	8.1226	1277.9561	757.8388	1783.182	1394.3801	383.1161	4519.4161	473.3961	4149.0254	783.8311	74.9987	1140.4134	211.7292	810.365	27.3461	1759.085	119.1315	545.0266	653.0572	509.5579	623.0036	1388.965	95.576
brca_tcga_pub2015	TCGA-EW-A1P8-01	1876.9857	2402.8674	161.6487	721.1434	802.9785	34.767	356.9892	1105.7348	3915.0538	1116.129	265.233	174.1935	183.5125	0.3584	144.4444	276.3763	170.0143	1536.2007	77.4194	1670.2509	1168.6523	1741.5771	1620.7885	1304.2401	2475.2688	3236.2007	2016.4875	297.491	803.9427	89.2473	734.0502	3.9427	5.7348	0	11.1111	0	234.4086	21.147	2.1505	0.7168	0	315.7706	10.3943	756.6308	670.6093	1477.4194	1174.1935	244.8029	3617.2043	311.6595	1117.2043	865.9498	117.5627	2678.1362	158.7814	431.8996	7.5269	1396.0573	217.2043	237.6344	1044.086	582.7957	607.5269	1080.2867	429.0323
brca_tcga_pub2015	TCGA-D8-A27H-01	2819.6285	690.9184	41.0853	723.1019	286.5873	30.1292	433.7927	301.6349	1498.9301	690.9184	180.7755	287.255	283.4888	0	216.3828	200.5478	50.0419	1141.1453	67.4484	2145.6818	1818.4336	2440.4691	1669.7766	2717.8944	3338.1837	2081.3147	882.3076	469.7424	2350.0813	178.0365	845.6732	73.2689	42.1125	0.3424	24.3088	0	275.2718	56.4923	0.6848	6.5052	0	210.9047	18.146	877.5143	1363.6908	1472.2246	1582.8126	281.0922	3688.0938	225.0552	2922.8794	780.279	16.7765	620.3886	305.7434	830.2662	6.1628	2051.1855	255.4138	144.8258	546.435	207.1386	175.6398	1826.2433	87.3063
brca_tcga_pub2015	TCGA-A2-A0CM-01	4027.4189	1500.4038	71.5357	707.0359	653.2364	38.3062	554.7479	1112.7264	1934.2333	1316.2571	169.8396	119.0723	183.6852	0	158.3016	395.0294	52.3411	1714.0879	219.2223	1607.4766	2469.5373	450.4442	2379.1393	1630.0681	1906.5421	2427.1374	1781.9315	521.9799	1267.7974	149.9942	1142.2638	19.8454	41.9984	0	31.8449	0	233.991	7.3843	4.6152	0	0	500.75	13.8456	895.8117	1180.57	1758.8554	1179.1854	316.6032	3660.3208	375.3963	1891.3119	1733.4718	113.5341	2081.9199	191.9926	484.5967	2.3076	1526.249	81.2276	208.1458	807.6612	418.5993	464.7514	726.8951	129.2258
brca_tcga_pub2015	TCGA-EW-A1P4-01	1798.1891	1135.1557	144.2673	643.1283	326.7806	29.9924	273.3485	854.5938	2371.6781	1061.1238	310.9339	342.0653	194.7608	0	93.7737	151.1769	30.0228	1222.4753	105.5429	1518.6029	1604.6583	1659.0737	1647.6841	1158.4358	6208.0486	2876.9932	1328.0182	454.4419	1171.9818	421.792	733.8648	29.9924	25.0569	0	26.1959	0	184.5103	16.325	6.0744	134.776	0	299.5444	6.8337	1235.0038	623.7661	1747.9119	1167.8056	256.6439	1800.6834	375.9301	2570.9947	708.0486	87.3197	932.8018	315.1101	285.4973	2.2779	1397.1147	253.9863	302.202	564.9203	317.7677	376.9932	606.3022	206.53
brca_tcga_pub2015	TCGA-A2-A0D0-01	1257.3847	1113.6738	124.7941	585.6672	361.7957	23.0643	329.0774	856.6722	2815.0741	1112.0264	67.1334	246.7051	282.9489	0	135.9143	612.6318	82.5453	784.1845	55.6013	1845.14	1387.5618	1974.0527	1064.2504	1137.5618	2038.715	4364.0857	800.659	445.6343	454.2834	194.3987	1313.4267	14.4152	3.2949	0	3.2949	0	191.1038	14.827	11.5321	9.061	0	198.1054	11.944	946.8699	1198.9292	1671.7463	1649.5058	191.9275	1843.9044	532.71	632.2076	3059.3081	49.0115	2136.7381	82.7842	202.6359	8.2372	1735.173	542.0099	181.2191	1420.5107	714.9918	493.4102	1549.0115	186.5733
brca_tcga_pub2015	TCGA-D8-A27M-01	3250.5665	685.6527	72.6601	580.3479	268.7223	59.7291	592.6724	542.1798	1202.5862	1103.7562	297.7217	460.2833	353.4483	0.3079	116.9951	345.5788	32.3953	876.5394	92.0567	3144.3966	3248.1712	3688.7315	1530.7882	3890.3879	2689.6552	5002.7709	1120.3818	766.6256	1874.6921	188.4236	738.6084	36.0222	48.9532	0	51.1084	0	327.8941	34.4828	3.3867	16.9335	0	205.3571	23.0911	689.0394	754.3103	1914.101	1392.8571	184.1133	2466.4409	461.4224	3619.766	519.0887	147.1675	743.2266	441.1946	156.0961	2.7709	924.569	143.7808	254.6182	614.2241	194.5813	223.83	1354.3719	66.1946
brca_tcga_pub2015	TCGA-AO-A1KR-01	1054.1806	558.5284	185.2843	527.7592	715.612	18.7291	282.2742	1052.8428	3227.4247	735.786	166.5552	344.4816	247.4916	1.3378	205.3512	468.5351	119.1371	903.01	119.7324	1196.6555	1850.903	1235.4515	1286.9565	1092.3679	1190.6355	2971.9064	444.8161	306.3545	523.0769	75.5853	490.301	11.3712	6.689	0	2.0067	0	108.3612	3.3445	3.3445	4.6823	0	244.1472	3.3445	1547.1572	705.0167	988.6288	1173.2441	370.5686	2704.3478	499.1906	569.8997	1473.5786	83.612	2431.4381	99.6656	786.6221	4.0134	1713.7124	405.3512	110.3679	1438.796	1548.495	385.9532	1325.7525	530.4348
brca_tcga_pub2015	TCGA-EW-A1PH-01	1277.6297	6344.0202	95.8213	474.4236	357.464	52.2334	345.8213	1257.5648	1975.8646	1053.6744	270.8934	138.3285	278.4582	0	118.5159	414.3552	84.701	2480.9078	105.5476	871.3977	1183.9049	1565.9222	3182.9971	969.0742	2256.1239	1930.4755	6765.4899	349.0634	1105.1873	56.196	1161.3833	31.7003	12.2478	1.4409	9.366	0	214.3372	11.8876	1.8012	33.8617	1.4409	258.6455	3.2421	573.8473	851.9452	2112.0317	1243.1556	327.4496	4435.5187	570.5295	803.6744	684.438	121.0375	1665.3458	342.9395	540.3458	7.2046	1949.2075	318.0836	223.7032	911.0231	295.0288	1021.6138	1940.2017	134.7262
brca_tcga_pub2015	TCGA-EW-A1PB-01	1131.3245	888.1258	174.9143	580.2508	445.9541	34.5311	345.3106	1034.6408	1219.8821	811.6412	116.8247	210.4135	243.9764	0	110.0476	230.5222	45.8682	1226.3365	76.162	670.6125	854.0918	1388.6648	1402.8645	1451.3628	3337.5717	2704.0721	1120.8071	469.5578	642.8585	129.7335	640.9222	20.6541	5.809	0.9682	11.2952	0	120.3746	25.8176	0.6454	0.3227	0	227.5177	2.9045	711.2752	606.3911	1234.7273	1208.2642	139.7378	1477.0901	224.6874	1243.118	1056.9085	84.8754	1067.881	261.726	433.7359	1.9363	897.162	627.0452	134.5743	707.7253	486.0165	380.8098	1302.1758	123.9245
brca_tcga_pub2015	TCGA-A7-A4SE-01	2736.2105	577.7719	105.5827	935.5799	383.5408	16.424	565.4539	771.3402	3868.4322	1144.9856	133.7381	322.6138	411.7725	0	225.2431	278.9788	65.5551	1086.9151	90.3319	1329.7553	3233.892	1916.3257	2906.4567	2772.789	2500.5499	3500.066	1120.9362	581.2913	778.9656	158.9606	630.5633	26.3957	60.4168	1.1731	24.636	0	268.0627	26.9822	4.6926	57.4839	0.5866	268.0627	41.0599	1839.485	2349.2147	1513.3518	1015.9401	371.2991	4782.8956	291.3906	1394.8646	583.6376	51.0316	1556.1715	232.8685	453.419	11.1448	1801.9445	301.4972	341.9706	782.485	360.7408	206.4728	1495.1681	174.2114
brca_tcga_pub2015	TCGA-C8-A131-01	1116.2608	704.5236	158.3253	665.0626	643.7199	21.1742	254.0905	473.5322	2533.6862	1244.4658	268.5274	430.2214	177.0934	0	163.6189	226.8287	62.642	900.385	95.7652	1254.5717	1309.8989	1257.9403	729.5476	1136.1309	1178.5371	1942.2522	505.7748	666.9875	686.2368	108.7584	477.8633	8.1809	20.2117	0.4812	20.693	0	222.8104	4.3311	1.9249	0	0	251.6843	4.3311	1015.3994	665.5438	1749.7594	1368.6237	359.9615	2018.2868	379.6631	1692.974	658.8065	79.4033	1081.8094	222.3292	593.359	0	936.9586	709.3359	193.9365	835.4187	296.9201	504.8123	1109.2397	258.4216
brca_tcga_pub2015	TCGA-C8-A12V-01	1628.0089	1388.4834	90.8354	906.3139	465.2433	21.8978	608.678	458.232	2261.5572	1171.1273	124.8986	469.9919	405.1095	0	130.1703	574.7405	68.1427	1090.8354	230.3325	1781.8329	1858.9416	1608.2725	1305.7583	2448.9051	1896.9992	1710.8678	1538.5239	739.6594	1541.3625	568.532	704.7851	4.8662	10.1379	0.4055	58.3942	0	223.4388	35.2798	0.4055	0.4055	0	249.3917	28.3861	871.4517	1301.7032	1870.2352	946.8775	182.8873	2972.0195	256.5612	952.9603	772.5061	28.7916	1571.7762	519.4647	571.3706	21.0868	758.7186	175.1825	215.734	500.811	432.279	322.7899	829.6837	140.7137
brca_tcga_pub2015	TCGA-A8-A09X-01	2431.6672	1224.4645	92.3109	703.3013	518.8037	55.0554	364.6901	698.3339	1069.6471	1402.0491	363.0343	217.3238	456.587	0	103.0736	186.795	93.9915	1826.3479	99.762	2059.8158	3999.6274	3467.2462	1039.4287	1679.3956	3216.8064	2005.5883	1373.4865	380.8341	1747.6974	310.4626	1443.4441	31.0463	26.0789	0	31.0463	0	329.9182	17.3859	0.8279	0	0	254.1654	26.9068	910.6903	1134.2233	1441.7883	1837.1106	192.4868	3266.4804	240.2566	2875.7115	1160.7161	289.7651	1053.5031	322.4671	686.7432	0	564.628	74.0971	225.1889	602.7114	441.2708	390.355	759.1845	153.9894
brca_tcga_pub2015	TCGA-AN-A04D-01	2480.5442	1374.3162	165.5629	1088.9692	420.1209	22.171	552.8362	1698.5315	2215.9516	818.0248	118.0536	353.8727	236.683	0	200.691	343.2882	30.2361	1445.7242	166.4267	1391.5923	3228.2062	1696.8039	1443.7086	2112.0069	2403.9735	2134.7538	1429.5998	75.4391	684.7106	94.4428	800.7486	118.6294	3.7432	0.2879	2.3035	0.8638	215.3758	8.926	0.8638	0	0	354.4486	6.9105	1151.1661	1019.8675	1412.6116	647.5669	260.2937	2163.2594	576.8989	1196.6599	1425.8566	21.8831	2489.7783	9.2139	365.966	9.7898	1365.6781	509.07	211.0567	1010.0777	563.4898	463.5762	1198.3876	414.3392
brca_tcga_pub2015	TCGA-A8-A08R-01	3632.9468	1462.6683	87.8213	633.4058	580.2264	33.6597	765.2999	2418.6047	1999.694	907.2827	134.6389	290.0857	251.224	0	151.1628	259.5624	133.5618	2305.3856	90.5753	2591.4933	3483.6995	4917.3807	1762.8519	1871.481	2121.175	4426.5606	1670.1346	511.3219	1156.3647	148.4088	593.9412	10.7099	18.0539	1.224	15.9119	1.224	246.94	20.5018	1.224	3.366	0	263.7699	8.5679	797.1236	724.9082	2370.257	1444.0024	198.2864	2786.7197	173.5037	1634.3329	760.4039	43.7576	1051.4076	357.7111	405.1408	52.3256	2077.1114	207.4663	285.4957	735.0061	408.5067	702.2644	1190.9425	115.3611
brca_tcga_pub2015	TCGA-E2-A1LH-01	1048.0108	515.5315	104.1868	583.4382	544.5958	35.5007	788.7324	546.4017	1468.6475	757.8622	223.8086	867.4513	188.3079	0	189.8514	231.2406	84.2755	767.895	216.0911	1129.0758	1250.9049	814.2003	1682.4233	992.8227	1898.5144	946.1702	432.1821	642.8709	885.9734	118.8501	537.1407	8.4893	19.2938	0.7718	32.4137	0.7718	179.8186	3.8588	5.4023	6.174	0	375.8441	13.8916	750.9165	629.7511	1065.0203	1163.033	852.788	2228.0533	341.0612	1201.6207	725.4486	30.8702	1156.0872	401.312	245.4177	6.174	2658.6919	304.8428	205.2865	642.8709	290.9512	263.9398	840.4399	144.318
brca_tcga_pub2015	TCGA-E2-A1LL-01	1304.6725	929.8978	78.883	884.4105	839.8157	61.0335	267.7415	866.5611	1628.3288	1993.9542	85.2166	158.9175	304.0161	0	215.3448	273.2806	110.5743	962.1419	104.2176	1490.1396	1801.1919	1574.7805	1284.0075	1267.1023	1443.5008	3347.6321	736.433	309.1982	1044.4796	871.7432	1225.2771	32.8199	5.1821	0	28.7894	2.8789	249.3163	27.062	0.5758	0	0	257.9531	16.1221	1082.4816	1115.8774	1514.8985	1757.3053	153.7354	1797.6105	210.416	1013.9629	997.8408	143.947	1055.9954	132.4313	508.9967	1.1516	2769.5408	271.772	193.4648	950.6262	637.9732	276.9541	763.495	108.2482
brca_tcga_pub2015	TCGA-A1-A0SP-01	1546.6545	1462.6049	170.7406	1415.8993	500.5399	62.7508	302.4444	1157.2419	2608.9019	1642.1014	225.1003	440.7151	211.9664	0	147.3915	218.6246	62.3933	1713.6082	121.4885	1716.5268	2250.1459	1590.2955	1356.0744	1663.6374	2139.0004	4844.9471	1293.3236	460.7807	1457.8621	152.1343	954.0314	8.3911	10.9449	0	17.5119	0	205.3995	10.2152	5.1076	129.1499	0	215.2499	6.2021	1099.9635	668.3692	1349.5075	1171.8351	338.5626	2245.166	260.9121	2047.4279	1025.903	212.6961	1087.5593	273.2579	338.9274	6.2021	1228.3838	307.1872	254.2868	603.7942	239.6935	289.6753	1076.2495	304.9982
brca_tcga_pub2015	TCGA-A1-A0SK-01	2369.896	7130.791	78.7898	1026.4671	93.2115	14.1822	362.433	2470.5326	3411.913	2484.3996	234.4784	252.1273	141.5065	0	100.2206	441.3583	43.5581	848.0933	132.9972	5722.0296	2911.9162	2441.538	1541.1283	1651.8657	2250.8667	6157.2644	8317.0501	125.4333	1139.6155	167.3495	1063.347	11.6609	3.7819	0.3152	4.4122	1.5758	553.4195	32.4614	0.9455	23.0066	0.3152	501.1031	1065.8683	802.3952	1181.2165	2043.1768	1645.1308	393.9489	2764.261	322.4141	2302.2376	2080.0504	91.7113	1453.8292	583.9899	383.5487	3.1516	741.8847	317.9956	521.9036	558.462	415.3798	601.3237	2120.0756	365.2695
brca_tcga_pub2015	TCGA-D8-A1JL-01	2787.7529	1374.0757	135.6719	563.7108	289.9835	53.291	620.6686	659.2923	1520.2591	1131.5773	234.9202	154.2504	151.8059	0	104.6263	279.2251	37.9319	1219.0919	113.4266	2380.2481	1382.3675	2567.7443	1256.9822	2369.2501	3539.9377	2633.0135	2999.2055	837.2548	1450.5897	148.8725	1137.1998	73.5806	26.1566	0.2445	34.7125	0	280.1442	60.3801	4.1557	23.9565	0.2445	208.7637	16.3784	692.538	972.9267	2353.6026	1049.4408	184.5627	4552.7104	199.1542	2397.3599	1330.3184	18.334	1980.5659	278.4331	392.8375	122.4714	743.14	230.7645	276.9663	930.3917	408.4826	691.3158	2026.0343	70.8916
brca_tcga_pub2015	TCGA-D8-A1JF-01	3281.6871	2269.4398	45.2207	126.386	455.0938	93.3401	635.4084	381.4769	729.908	676.5708	186.1004	202.3335	291.0356	0	176.2447	234.4808	22.6393	1149.0688	102.3263	3185.1583	1920.1217	5134.8648	846.728	2117.8056	3106.3121	1083.2669	3379.0854	395.391	1362.4176	1669.9761	1073.1212	36.2345	51.5979	0.5798	16.2331	0.2899	335.6765	9.8558	1.4494	0	0	172.1864	7.2469	471.6284	923.2553	2565.6932	2245.3801	174.2155	3409.8123	411.2037	4111.3124	579.7522	67.831	949.3442	648.4528	524.9656	0	616.5664	1106.457	412.2038	813.3923	217.1172	464.9612	1958.4028	71.8893
brca_tcga_pub2015	TCGA-A2-A04U-01	533.9914	1104.0395	117.4178	542.4081	345.0006	22.3406	755.9423	898.818	1976.8801	1210.0273	192.2328	142.3562	353.8122	0	152.7471	1161.7769	157.7556	527.3412	142.8757	480.5819	937.9192	709.7026	1908.8193	554.8253	1565.3981	1060.3975	845.3046	139.2389	452.0068	58.1894	903.494	17.1451	15.0669	0	7.7932	0	159.5012	6.7541	0	1.0391	0	277.4386	5.715	582.9328	688.4011	1390.3104	699.3116	481.1014	1554.4876	234.0304	1047.9283	1035.4592	92.4795	1268.2167	93.5186	528.8999	29.0947	1126.38	490.9729	211.456	3161.4495	666.0605	641.6418	1392.9082	229.6402
brca_tcga_pub2015	TCGA-E2-A1L7-01	1817.7314	806.5025	101.9046	1359.2139	266.0245	51.4376	427.9995	814.7519	1261.1913	989.9309	245.5417	269.8047	226.1313	0	144.6075	310.882	51.2774	959.8447	196.5304	1569.8168	2268.97	1346.5971	1453.3544	1629.2418	3021.2301	4505.1559	1048.1621	522.14	982.6519	82.009	1203.9306	14.0725	174.2084	0	60.1723	0	240.6891	58.2312	0.4853	0	0	302.3171	6.3084	702.1715	743.9039	2882.4457	1349.9939	350.8431	3804.4401	146.0002	1980.8322	609.4868	44.1587	1089.8945	717.2146	833.1918	1.941	968.0941	195.0746	294.0677	787.0921	501.7591	392.0903	1349.5087	336.2853
brca_tcga_pub2015	TCGA-AC-A2BK-01	5032.5807	1293.5721	200.1919	422.4464	159.8593	13.4314	369.0438	305.4045	3609.8497	1253.9175	137.1922	237.6079	205.6284	0	106.8116	415.9994	19.5235	3785.0975	135.2734	1524.4643	2709.2933	1505.5964	2371.922	1835.7787	1414.7745	1871.7621	1640.8698	68.4362	956.8276	266.3895	1120.243	0	7.6751	0.6396	8.6345	0	255.1967	7.3553	1.9188	13.4314	0	340.9018	1.2792	751.8388	1087.3041	1322.3537	998.401	293.8919	1606.3319	276.2904	1248.1612	1213.3035	132.0755	2055.6444	323.6329	231.8516	0	1184.8417	527.0227	244.6434	1014.7106	324.9121	681.1641	2276.623	301.2472
brca_tcga_pub2015	TCGA-BH-A0E0-01	4187.6356	945.7648	239.4881	525.2895	294.6862	38.3912	399.7562	1346.1304	1802.5594	1120.6581	245.582	155.3931	135.8927	1.2188	87.142	463.8879	122.5046	2347.3492	87.7514	1110.2986	1493.4126	2354.6618	1748.3242	1555.7587	1701.4016	1407.0689	1007.3126	412.5533	1179.159	73.1261	585.6185	7.922	9.1408	0	10.9689	0	117.6112	3.0469	6.0938	0.6094	0	321.1456	3.0469	644.7288	903.1079	1302.8641	1444.2413	326.6301	2013.4065	413.1688	591.103	823.2785	82.8763	3720.9019	166.362	516.1487	0	946.9835	250.457	167.5807	1127.3614	464.351	374.1621	1589.2748	418.6472
brca_tcga_pub2015	TCGA-BH-A42U-01	830.4344	1054.0977	187.7555	812.6427	637.2877	70.6336	1242.574	134.0596	1915.7551	1226.7175	230.2798	232.8024	325.0585	0	196.4045	304.6469	95.7085	1205.4554	200.0083	1224.9156	1100.6114	1139.5067	1289.7832	860.951	1200.0497	709.579	691.1998	251.542	1029.2318	304.8775	605.4305	35.3168	55.4978	0	49.011	0	183.0706	14.415	3.6038	0.3604	0	296.9492	57.2997	934.4531	769.4013	1202.5724	1463.1237	470.2898	1438.2578	334.9544	1127.6143	1088.6938	120.7257	871.3875	401.4581	594.2589	216.5856	586.691	335.5094	301.9945	955.7153	280.7324	116.7616	884.0006	411.1882
brca_tcga_pub2015	TCGA-LL-A5YO-01	983.4889	1162.605	91.4223	670.7972	545.8185	44.0589	500.6196	890.5411	2297.1224	1513.4242	277.5713	207.077	169.6269	0.5507	145.9452	241.9331	71.6178	1873.6059	185.5982	970.9486	965.7166	1538.7581	1710.0372	726.3225	2320.8041	1281.5641	1080.5452	491.8078	881.7293	79.8568	800.2203	13.2177	111.2488	0.5507	91.973	0	185.0475	9.3625	3.3044	1.1015	0	309.514	30.8413	907.6139	1044.1966	1719.9504	2038.2762	541.9248	1419.799	281.14	1207.2146	773.2342	30.2905	858.0476	254.4403	330.9927	3.3044	866.3087	368.9935	249.4837	756.7121	661.9854	212.0336	781.4952	258.2955
brca_tcga_pub2015	TCGA-A2-A3XT-01	2774.4862	1833.6612	201.321	1333.1922	596.3664	36.6852	515.9782	863.145	2155.1782	850.3201	179.8467	187.0048	159.8638	0	96.0376	309.0978	49.2506	2150.4061	116.3188	1063.8694	1288.5675	1436.686	1264.5939	959.9103	1810.9939	1775.5018	1576.5668	296.4638	989.3061	128.8454	929.9537	17.5969	12.2284	8.3511	19.0882	0	218.3214	32.2114	4.4738	0	0.2983	260.9716	8.3511	969.3232	987.8149	1524.969	795.4415	243.6729	1754.3258	146.5438	976.183	1637.4105	88.5812	1292.6297	227.5673	351.3424	11.6319	1273.2433	569.0673	268.1297	663.9118	812.7402	546.6983	636.1742	186.11
brca_tcga_pub2015	TCGA-A2-A3XY-01	2071.9404	968.3146	174.0228	958.563	483.1805	62.1322	590.7825	431.7661	3790.3275	2029.3009	126.3706	170.0737	300.9199	0	194.0315	1004.9278	89.5362	1506.4426	184.5537	1490.383	1854.1407	1554.6214	2548.21	1360.84	2255.4515	1387.1804	835.8887	554.7142	1072.307	180.6046	572.6167	27.9068	27.9068	0.2633	42.9133	0	289.8625	22.3781	2.1062	21.8516	0	189.8191	32.1192	1393.2356	1107.3222	1932.68	1191.5692	167.1777	2711.1754	631.6054	1194.202	802.9797	55.5504	1242.644	286.7032	502.5863	13.4269	549.9753	206.6685	183.5006	818.2495	387.7997	291.1789	1236.852	384.3772
brca_tcga_pub2015	TCGA-A2-A3XX-01	1764.0031	800.9596	119.6127	949.3617	674.2353	20.9065	609.3737	973.6955	3764.5446	1307.5144	161.083	143.9465	340.3307	0	223.8026	239.3111	31.634	3172.3074	142.2329	740.2965	1156.4185	1846.6284	2265.787	730.3504	1238.9684	1970.6966	546.6541	329.7061	860.9374	51.7522	467.8262	17.4792	13.3665	0	20.2211	0	140.862	8.5682	7.8828	48.6676	0	332.1052	21.2493	1415.4743	1028.1895	1331.8482	825.2935	518.2075	1708.851	1044.7571	679.2905	758.4611	50.724	2169.4799	249.1646	293.7195	64.7759	1986.1194	371.1764	239.9109	868.4774	592.5799	301.945	590.1808	100.7626
brca_tcga_pub2015	TCGA-BH-A0B9-01	1977.4631	1662.3377	157.6355	595.3851	454.1379	29.5567	427.8997	1362.9646	3287.0578	963.7259	231.5271	489.7	296.6861	3.3587	356.0233	346.8249	192.7362	2922.9736	108.5983	1565.3829	1343.343	1183.8334	1307.6579	1439.5432	2471.7868	2703.9857	1263.3229	155.3963	1102.7765	65.3829	1005.8218	6.4935	10.7479	0.4478	14.1066	0.8957	232.1988	30.6762	2.687	24.4066	0	294.6708	4.0305	1603.6722	848.858	1307.8818	987.9086	204.6574	3450.7389	629.5298	1581.9525	935.0649	122.481	1948.4998	369.906	274.5186	13.4348	1076.1308	313.9275	243.3945	922.9736	443.1258	645.0963	2521.0479	421.6301
brca_tcga_pub2015	TCGA-BH-A0B3-01	3948.0334	1545.2539	83.6933	920.2419	558.2724	30.7131	449.9472	938.2858	2242.0578	1210.0969	149.7265	133.6021	243.7854	0	141.2804	233.4159	49.594	1568.2887	82.1576	1995.9689	1319.4779	1620.1171	1395.1435	1653.1337	2018.6198	3445.6282	1448.1236	717.1514	976.6772	133.6021	941.3571	38.3914	22.6509	0	15.3566	0	172.3774	10.7496	0.7678	0.7678	0	182.3592	6.5265	1091.0836	972.0703	1936.4622	1585.9487	212.6884	2671.6575	283.1788	1223.5339	1192.4369	114.7903	2076.2069	167.7704	363.9505	11.5174	1260.7736	493.3295	241.4819	763.9889	466.0716	594.6828	1423.1692	218.0632
brca_tcga_pub2015	TCGA-BH-A0BL-01	3469.9782	972.9661	45.8975	563.524	257.4941	48.6331	588.7645	1383.3079	1155.0363	2069.6426	307.3004	266.5702	250.7645	0	95.7464	327.3889	31.4048	1194.2467	146.2033	1913.4088	2054.8794	3554.7761	1161.4194	2335.1763	2507.9485	2608.8622	1153.2125	833.4499	1458.6892	250.1565	862.3258	26.1403	46.5054	0	44.6817	1.2158	249.8526	15.1978	3.3435	0.6079	0	226.1439	15.8058	1076.0075	727.9768	2023.4412	1018.8636	259.2752	4121.3518	327.1792	2821.632	671.1369	100.6097	1907.0257	306.0846	703.6602	24.6205	670.225	351.6781	306.9965	568.0955	288.1512	647.4282	1257.4697	200.3076
brca_tcga_pub2015	TCGA-BH-A0BG-01	2391.8352	872.7353	147.0796	389.3744	631.5247	54.9977	602.775	362.6707	1974.5753	964.8172	147.0796	404.7832	186.3637	0	115.3381	240.3526	96.6043	1330.6306	98.9959	1205.8643	1202.533	1356.7152	1434.3406	2420.8017	1781.9262	3018.5892	890.9631	333.7576	1307.0601	84.8536	916.4192	29.2274	11.3138	0	25.7704	0.6285	236.9616	16.6565	0.3143	27.9703	0	194.5348	6.914	1097.7545	932.1328	1510.7088	1468.5963	136.3943	1828.4385	535.4452	2011.9738	737.2837	17.285	1222.8351	330.3006	335.6432	1.8856	2155.5964	195.1633	217.1624	775.625	264.6176	332.8148	1610.6476	93.339